Facade Statistics of Untitled.jpg, Location: Unknown
=================
Using Expanded Region:
- Area of Expanded Region (excluding windows): 36185.30 pixels
- Total Window Area: 12328.70 pixels
- Window Coverage Percentage: 25.41%
- Vertices of Expanded Region: [[60, 91], [60, 92], [59, 93], [59, 95], [58, 96], [58, 98], [57, 99], [57, 101], [56, 102], [56, 104], [55, 105], [55, 107], [54, 108], [54, 111], [53, 112], [53, 114], [52, 115], [52, 117], [51, 118], [51, 120], [50, 121], [50, 123], [49, 124], [49, 126], [48, 127], [48, 129], [47, 130], [47, 132], [46, 133], [46, 135], [45, 136], [45, 138], [44, 139], [44, 141], [43, 142], [43, 145], [42, 146], [42, 148], [41, 149], [41, 151], [40, 152], [40, 154], [39, 155], [39, 157], [38, 158], [38, 160], [37, 161], [37, 163], [36, 164], [36, 166], [35, 167], [35, 169], [34, 170], [34, 172], [33, 173], [33, 175], [32, 176], [32, 178], [31, 179], [31, 182], [30, 183], [30, 185], [29, 186], [29, 188], [28, 189], [28, 191], [27, 192], [27, 194], [26, 195], [26, 197], [25, 198], [25, 200], [24, 201], [24, 203], [23, 204], [23, 206], [22, 207], [22, 209], [21, 210], [21, 212], [20, 213], [20, 216], [19, 217], [19, 219], [18, 220], [18, 222], [17, 223], [17, 225], [16, 226], [16, 228], [15, 229], [15, 231], [14, 232], [14, 305], [94, 305], [95, 304], [102, 304], [103, 303], [110, 303], [111, 302], [118, 302], [119, 301], [126, 301], [127, 300], [134, 300], [135, 299], [142, 299], [143, 298], [150, 298], [151, 297], [158, 297], [159, 296], [166, 296], [167, 295], [174, 295], [175, 294], [182, 294], [183, 293], [190, 293], [191, 292], [198, 292], [199, 291], [206, 291], [207, 290], [213, 290], [214, 289], [221, 289], [222, 288], [229, 288], [230, 287], [237, 287], [238, 286], [245, 286], [246, 285], [253, 285], [254, 284], [261, 284], [262, 283], [269, 283], [270, 282], [277, 282], [278, 281], [285, 281], [286, 280], [293, 280], [294, 279], [301, 279], [302, 278], [309, 278], [310, 277], [317, 277], [318, 276], [325, 276], [326, 275], [329, 275], [329, 211], [328, 210], [327, 210], [326, 209], [325, 209], [323, 207], [322, 207], [321, 206], [320, 206], [318, 204], [317, 204], [316, 203], [315, 203], [313, 201], [312, 201], [311, 200], [310, 200], [308, 198], [307, 198], [306, 197], [305, 197], [303, 195], [302, 195], [301, 194], [300, 194], [298, 192], [297, 192], [296, 191], [295, 191], [294, 190], [293, 190], [291, 188], [290, 188], [289, 187], [288, 187], [286, 185], [285, 185], [284, 184], [283, 184], [281, 182], [280, 182], [279, 181], [278, 181], [276, 179], [275, 179], [274, 178], [273, 178], [271, 176], [270, 176], [269, 175], [268, 175], [266, 173], [265, 173], [264, 172], [263, 172], [261, 170], [260, 170], [259, 169], [258, 169], [256, 167], [255, 167], [254, 166], [253, 166], [251, 164], [250, 164], [249, 163], [248, 163], [246, 161], [245, 161], [244, 160], [243, 160], [241, 158], [240, 158], [239, 157], [238, 157], [236, 155], [235, 155], [234, 154], [233, 154], [231, 152], [230, 152], [229, 151], [228, 151], [227, 150], [226, 150], [224, 148], [223, 148], [222, 147], [221, 147], [219, 145], [218, 145], [217, 144], [216, 144], [214, 142], [213, 142], [212, 141], [211, 141], [209, 139], [208, 139], [207, 138], [206, 138], [204, 136], [203, 136], [202, 135], [201, 135], [199, 133], [198, 133], [197, 132], [196, 132], [194, 130], [193, 130], [192, 129], [191, 129], [189, 127], [188, 127], [187, 126], [186, 126], [184, 124], [183, 124], [182, 123], [181, 123], [179, 121], [178, 121], [177, 120], [176, 120], [174, 118], [173, 118], [172, 117], [171, 117], [169, 115], [168, 115], [167, 114], [166, 114], [164, 112], [163, 112], [162, 111], [161, 111], [160, 110], [159, 110], [157, 108], [156, 108], [155, 107], [154, 107], [152, 105], [151, 105], [150, 104], [149, 104], [147, 102], [146, 102], [145, 101], [144, 101], [142, 99], [141, 99], [140, 98], [139, 98], [137, 96], [136, 96], [135, 95], [134, 95], [132, 93], [131, 93], [130, 92], [129, 92], [128, 91]]

Using Rotated Bounding Box:
- Area of Bounding Box (excluding windows): 55081.30 pixels
- Total Window Area: 12328.70 pixels
- Window Coverage Percentage: 18.29%
- Vertices of Rotated Bounding Box: [[14, 91], [329, 91], [329, 305], [14, 305]]

Window Statistics:
- Average Window Width: 69.41 pixels
- Average Window Height: 59.02 pixels
- Window Width Std Dev: 5.42 pixels
- Window Height Std Dev: 5.05 pixels

Floor Estimation:
- Estimated Number of Floors: 2
- Average Floor Height: 61.89 pixels

Detailed Floor Statistics:
  Floor 1:
    - Number of Windows: 1
    - Average Width: 62.47 pixels
    - Average Height: 53.29 pixels
    - Average Distance Between Windows: 0.00 pixels
    - Windows: [67.4, 102.57, 129.87, 155.86]
  Floor 2:
    - Number of Windows: 2
    - Average Width: 72.88 pixels
    - Average Height: 61.89 pixels
    - Average Distance Between Windows: -286.50 pixels
    - Windows: [236.86, 211.78, 312.56, 269.99], [26.06, 232.16, 96.11, 297.73]
=================
