Facade Statistics of Untitled3.jpg, Location: Unknown
=================
Using Expanded Region:
- Area of Expanded Region (excluding windows): 181762.86 pixels
- Total Window Area: 42439.64 pixels
- Window Coverage Percentage: 18.93%
- Vertices of Expanded Region: [[328, 63], [327, 64], [276, 64], [275, 65], [250, 65], [249, 66], [248, 66], [247, 67], [246, 67], [245, 68], [244, 68], [243, 69], [242, 69], [241, 70], [240, 70], [239, 71], [238, 71], [237, 72], [236, 72], [235, 73], [234, 73], [233, 74], [232, 74], [230, 76], [229, 76], [228, 77], [227, 77], [226, 78], [225, 78], [224, 79], [223, 79], [222, 80], [221, 80], [220, 81], [219, 81], [218, 82], [217, 82], [216, 83], [215, 83], [214, 84], [213, 84], [211, 86], [210, 86], [209, 87], [208, 87], [207, 88], [206, 88], [205, 89], [204, 89], [203, 90], [202, 90], [201, 91], [200, 91], [199, 92], [198, 92], [197, 93], [196, 93], [195, 94], [194, 94], [192, 96], [191, 96], [190, 97], [189, 97], [188, 98], [187, 98], [186, 99], [185, 99], [184, 100], [183, 100], [182, 101], [181, 101], [180, 102], [179, 102], [178, 103], [177, 103], [176, 104], [175, 104], [173, 106], [172, 106], [171, 107], [170, 107], [169, 108], [168, 108], [167, 109], [166, 109], [165, 110], [164, 110], [163, 111], [162, 111], [161, 112], [160, 112], [159, 113], [158, 113], [157, 114], [156, 114], [154, 116], [153, 116], [152, 117], [151, 117], [150, 118], [149, 118], [148, 119], [147, 119], [146, 120], [145, 120], [144, 121], [143, 121], [142, 122], [141, 122], [140, 123], [139, 123], [138, 124], [137, 124], [135, 126], [134, 126], [133, 127], [132, 127], [131, 128], [130, 128], [129, 129], [128, 129], [127, 130], [126, 130], [125, 131], [124, 131], [123, 132], [122, 132], [121, 133], [120, 133], [118, 135], [117, 135], [116, 136], [115, 136], [114, 137], [113, 137], [112, 138], [111, 138], [110, 139], [109, 139], [108, 140], [107, 140], [106, 141], [105, 141], [103, 143], [102, 143], [101, 144], [100, 144], [99, 145], [98, 145], [97, 146], [96, 146], [95, 147], [94, 147], [93, 148], [92, 148], [91, 149], [90, 149], [89, 150], [88, 150], [86, 152], [85, 152], [84, 153], [83, 153], [82, 154], [81, 154], [80, 155], [79, 155], [78, 156], [77, 156], [76, 157], [75, 157], [74, 158], [73, 158], [72, 159], [71, 159], [69, 161], [68, 161], [67, 162], [66, 162], [65, 163], [64, 163], [63, 164], [62, 164], [61, 165], [60, 165], [59, 166], [58, 166], [57, 167], [56, 167], [55, 168], [54, 168], [52, 170], [51, 170], [50, 171], [49, 171], [48, 172], [47, 172], [46, 173], [45, 173], [44, 174], [43, 174], [42, 175], [41, 175], [40, 176], [39, 176], [37, 178], [36, 178], [35, 179], [34, 179], [33, 180], [32, 180], [31, 181], [30, 181], [29, 182], [28, 182], [27, 183], [26, 183], [25, 184], [24, 184], [23, 185], [22, 185], [21, 186], [21, 188], [20, 189], [20, 193], [19, 194], [19, 198], [18, 199], [18, 202], [17, 203], [17, 207], [16, 208], [16, 212], [15, 213], [15, 217], [14, 218], [14, 222], [13, 223], [13, 227], [12, 228], [12, 232], [11, 233], [11, 236], [10, 237], [10, 241], [9, 242], [9, 246], [8, 247], [8, 249], [7, 250], [7, 253], [6, 254], [6, 258], [5, 259], [5, 263], [4, 264], [4, 268], [3, 269], [3, 273], [2, 274], [2, 278], [1, 279], [1, 283], [0, 284], [0, 487], [69, 487], [70, 488], [71, 487], [73, 487], [74, 488], [75, 487], [101, 487], [102, 488], [103, 487], [298, 487], [299, 488], [300, 488], [301, 487], [308, 487], [309, 486], [591, 486], [591, 472], [592, 471], [592, 442], [593, 441], [593, 368], [592, 367], [592, 353], [591, 352], [591, 338], [590, 337], [590, 323], [589, 322], [589, 309], [588, 308], [588, 294], [587, 293], [587, 279], [586, 278], [586, 264], [585, 263], [585, 249], [584, 248], [584, 234], [583, 233], [583, 218], [582, 217], [582, 203], [581, 202], [581, 187], [580, 186], [580, 176], [579, 175], [579, 169], [578, 168], [578, 162], [577, 161], [577, 155], [576, 154], [576, 149], [575, 148], [575, 142], [574, 141], [574, 135], [573, 134], [573, 128], [572, 127], [572, 124], [571, 124], [570, 123], [568, 123], [567, 122], [565, 122], [564, 121], [562, 121], [561, 120], [560, 120], [559, 119], [557, 119], [556, 118], [554, 118], [553, 117], [551, 117], [550, 116], [548, 116], [547, 115], [545, 115], [544, 114], [542, 114], [541, 113], [539, 113], [538, 112], [536, 112], [535, 111], [534, 111], [533, 110], [531, 110], [530, 109], [528, 109], [527, 108], [525, 108], [524, 107], [522, 107], [521, 106], [519, 106], [518, 105], [516, 105], [515, 104], [513, 104], [512, 103], [510, 103], [509, 102], [508, 102], [507, 101], [505, 101], [504, 100], [502, 100], [501, 99], [499, 99], [498, 98], [496, 98], [495, 97], [493, 97], [492, 96], [490, 96], [489, 95], [487, 95], [486, 94], [485, 94], [484, 93], [482, 93], [481, 92], [479, 92], [478, 91], [476, 91], [475, 90], [473, 90], [472, 89], [470, 89], [469, 88], [467, 88], [466, 87], [464, 87], [463, 86], [461, 86], [460, 85], [459, 85], [458, 84], [456, 84], [455, 83], [453, 83], [452, 82], [450, 82], [449, 81], [447, 81], [446, 80], [444, 80], [443, 79], [441, 79], [440, 78], [438, 78], [437, 77], [435, 77], [434, 76], [433, 76], [432, 75], [430, 75], [429, 74], [427, 74], [426, 73], [424, 73], [423, 72], [421, 72], [420, 71], [418, 71], [417, 70], [415, 70], [414, 69], [412, 69], [411, 68], [409, 68], [408, 67], [407, 67], [406, 66], [404, 66], [403, 65], [401, 65], [400, 64], [398, 64], [397, 63]]

Using Rotated Bounding Box:
- Area of Bounding Box (excluding windows): 208568.36 pixels
- Total Window Area: 42439.64 pixels
- Window Coverage Percentage: 16.91%
- Vertices of Rotated Bounding Box: [[0, 487], [0, 63], [592, 63], [592, 487]]

Window Statistics:
- Average Window Width: 42.23 pixels
- Average Window Height: 29.45 pixels
- Window Width Std Dev: 6.17 pixels
- Window Height Std Dev: 8.17 pixels

Floor Estimation:
- Estimated Number of Floors: 7
- Average Floor Height: 30.05 pixels

Detailed Floor Statistics:
  Floor 1:
    - Number of Windows: 2
    - Average Width: 38.90 pixels
    - Average Height: 18.18 pixels
    - Average Distance Between Windows: -133.19 pixels
    - Windows: [347.69, 82.66, 387.17, 100.1], [253.98, 84.87, 292.3, 103.8]
  Floor 2:
    - Number of Windows: 4
    - Average Width: 37.34 pixels
    - Average Height: 22.41 pixels
    - Average Distance Between Windows: -100.99 pixels
    - Windows: [344.56, 130.0, 387.78, 152.05], [250.71, 136.94, 289.49, 156.69], [519.64, 138.2, 546.72, 162.87], [150.67, 138.65, 190.96, 161.82]
  Floor 3:
    - Number of Windows: 6
    - Average Width: 41.34 pixels
    - Average Height: 26.79 pixels
    - Average Distance Between Windows: -121.13 pixels
    - Windows: [447.52, 183.05, 492.1, 207.31], [343.38, 183.56, 386.63, 209.16], [243.1, 187.84, 285.58, 212.62], [522.76, 188.56, 553.63, 218.01], [143.24, 192.79, 185.71, 224.17], [45.54, 194.53, 89.94, 219.79]
  Floor 4:
    - Number of Windows: 6
    - Average Width: 43.12 pixels
    - Average Height: 26.06 pixels
    - Average Distance Between Windows: -125.45 pixels
    - Windows: [447.86, 239.46, 495.84, 265.76], [340.52, 244.55, 385.25, 267.29], [526.22, 244.85, 557.95, 274.9], [235.3, 246.63, 281.38, 270.06], [135.94, 249.73, 178.49, 279.14], [33.67, 251.76, 79.35, 276.17]
  Floor 5:
    - Number of Windows: 5
    - Average Width: 42.56 pixels
    - Average Height: 27.38 pixels
    - Average Distance Between Windows: -148.62 pixels
    - Windows: [449.92, 300.3, 497.36, 328.37], [338.59, 304.13, 382.18, 329.51], [529.88, 305.14, 560.61, 336.47], [230.23, 305.87, 276.4, 331.48], [23.36, 309.93, 68.24, 336.46]
  Floor 6:
    - Number of Windows: 6
    - Average Width: 43.87 pixels
    - Average Height: 45.19 pixels
    - Average Distance Between Windows: -110.53 pixels
    - Windows: [450.96, 362.55, 500.61, 410.64], [335.85, 364.78, 381.52, 411.44], [226.07, 366.52, 271.39, 411.6], [534.0, 366.65, 565.55, 413.72], [9.02, 370.74, 56.49, 416.34], [117.99, 374.0, 161.54, 412.66]
  Floor 7:
    - Number of Windows: 5
    - Average Width: 45.19 pixels
    - Average Height: 30.05 pixels
    - Average Distance Between Windows: -127.84 pixels
    - Windows: [335.12, 435.07, 381.78, 465.56], [532.55, 435.52, 563.64, 467.71], [451.3, 436.04, 499.87, 465.2], [106.23, 436.45, 157.73, 466.73], [1.56, 440.18, 49.69, 468.31]
=================
